-96.47	-97.08	-95.97	-96.07	-94.01	-93.32	-94.58	-93.51	-92.16	-92.64
-121.85	-123.90	-121.40	-123.80	-122.68	-123.13	-124.74	-122.77	0        0
-114.52	-117.10	-113.29	-117.89	-118.95	-119.94	-119.89	-120.79	-120.04	0
-100.55	-99.35	-98.23	-98.16	-96.96	-96.45	-96.43	-96.04	-95.08	-95.86
-95.64	-94.33	-92.46	-93.18	-91.45	-90.37	0        0        0			0
-109.66	-108.03	-107.64	-107.89	-106.12	-106.99	-105.76	-105.09	-104.91	-105.32
-102.23	-102.11	-99.03	-99.25	-97.57	-96.46	-96.50	-97.08	-96.69	-96.10
-119.88	-122.97	-122.17	-122.35	-123.54	-122.36	-123.00	-121.49	-105.43	0
-114.5	-116.70	-113.06	-115.51	-116.38	-115.75	-116.51	-115.89	-116.01	-116.29
-105.48	-104.44	-103.19	-103.70	-101.75	-101.43	-101.96	-101.32	-100.68	-100.75
-79.47	-78.45	-76.40	-78.52	-75.82	-74.99	-75.32	-74.85	-74.16	-72.15
